HARD:0.060000
TEST:0.016000
EASY:0.031000
ADVANCED:10400
